{
 "cells": [
  {
   "cell_type": "markdown",
   "metadata": {},
   "source": [
    "# VacationPy\n",
    "----\n",
    "\n",
    "#### Note\n",
    "* Keep an eye on your API usage. Use https://developers.google.com/maps/reporting/gmp-reporting as reference for how to monitor your usage and billing.\n",
    "\n",
    "* Instructions have been included for each segment. You do not have to follow them exactly, but they are included to help you think through the steps."
   ]
  },
  {
   "cell_type": "code",
   "execution_count": 1,
   "metadata": {},
   "outputs": [],
   "source": [
    "# Dependencies and Setup\n",
    "import matplotlib.pyplot as plt\n",
    "import pandas as pd\n",
    "import numpy as np\n",
    "import requests\n",
    "import gmaps\n",
    "import os\n",
    "\n",
    "# Import API key\n",
    "from api_keys import g_key\n",
    "gmaps.configure(api_key=g_key)"
   ]
  },
  {
   "cell_type": "markdown",
   "metadata": {},
   "source": [
    "### Store Part I results into DataFrame\n",
    "* Load the csv exported in Part I to a DataFrame"
   ]
  },
  {
   "cell_type": "code",
   "execution_count": 2,
   "metadata": {},
   "outputs": [
    {
     "data": {
      "text/html": [
       "<div>\n",
       "<style scoped>\n",
       "    .dataframe tbody tr th:only-of-type {\n",
       "        vertical-align: middle;\n",
       "    }\n",
       "\n",
       "    .dataframe tbody tr th {\n",
       "        vertical-align: top;\n",
       "    }\n",
       "\n",
       "    .dataframe thead th {\n",
       "        text-align: right;\n",
       "    }\n",
       "</style>\n",
       "<table border=\"1\" class=\"dataframe\">\n",
       "  <thead>\n",
       "    <tr style=\"text-align: right;\">\n",
       "      <th></th>\n",
       "      <th>index</th>\n",
       "      <th>city</th>\n",
       "      <th>Lat</th>\n",
       "      <th>Lon</th>\n",
       "      <th>max_temp</th>\n",
       "      <th>Humidity</th>\n",
       "      <th>Cloudiness</th>\n",
       "      <th>Wind Speed</th>\n",
       "      <th>Country</th>\n",
       "      <th>Date</th>\n",
       "    </tr>\n",
       "  </thead>\n",
       "  <tbody>\n",
       "    <tr>\n",
       "      <th>0</th>\n",
       "      <td>34</td>\n",
       "      <td>Diego de Almagro</td>\n",
       "      <td>-26.3667</td>\n",
       "      <td>-70.0500</td>\n",
       "      <td>82.83</td>\n",
       "      <td>8.0</td>\n",
       "      <td>0.0</td>\n",
       "      <td>9.26</td>\n",
       "      <td>CL</td>\n",
       "      <td>1.627842e+09</td>\n",
       "    </tr>\n",
       "    <tr>\n",
       "      <th>1</th>\n",
       "      <td>7</td>\n",
       "      <td>Ubari</td>\n",
       "      <td>26.5921</td>\n",
       "      <td>12.7805</td>\n",
       "      <td>95.99</td>\n",
       "      <td>8.0</td>\n",
       "      <td>0.0</td>\n",
       "      <td>8.08</td>\n",
       "      <td>LY</td>\n",
       "      <td>1.627842e+09</td>\n",
       "    </tr>\n",
       "    <tr>\n",
       "      <th>2</th>\n",
       "      <td>15</td>\n",
       "      <td>Gazli</td>\n",
       "      <td>40.1333</td>\n",
       "      <td>63.4500</td>\n",
       "      <td>89.89</td>\n",
       "      <td>9.0</td>\n",
       "      <td>0.0</td>\n",
       "      <td>14.50</td>\n",
       "      <td>UZ</td>\n",
       "      <td>1.627842e+09</td>\n",
       "    </tr>\n",
       "    <tr>\n",
       "      <th>3</th>\n",
       "      <td>453</td>\n",
       "      <td>Tabas</td>\n",
       "      <td>33.5959</td>\n",
       "      <td>56.9244</td>\n",
       "      <td>91.60</td>\n",
       "      <td>9.0</td>\n",
       "      <td>12.0</td>\n",
       "      <td>10.02</td>\n",
       "      <td>IR</td>\n",
       "      <td>1.627842e+09</td>\n",
       "    </tr>\n",
       "    <tr>\n",
       "      <th>4</th>\n",
       "      <td>438</td>\n",
       "      <td>Sabha</td>\n",
       "      <td>27.0377</td>\n",
       "      <td>14.4283</td>\n",
       "      <td>95.97</td>\n",
       "      <td>9.0</td>\n",
       "      <td>0.0</td>\n",
       "      <td>6.04</td>\n",
       "      <td>LY</td>\n",
       "      <td>1.627842e+09</td>\n",
       "    </tr>\n",
       "  </tbody>\n",
       "</table>\n",
       "</div>"
      ],
      "text/plain": [
       "   index              city      Lat      Lon  max_temp  Humidity  Cloudiness  \\\n",
       "0     34  Diego de Almagro -26.3667 -70.0500     82.83       8.0         0.0   \n",
       "1      7             Ubari  26.5921  12.7805     95.99       8.0         0.0   \n",
       "2     15             Gazli  40.1333  63.4500     89.89       9.0         0.0   \n",
       "3    453             Tabas  33.5959  56.9244     91.60       9.0        12.0   \n",
       "4    438             Sabha  27.0377  14.4283     95.97       9.0         0.0   \n",
       "\n",
       "   Wind Speed Country          Date  \n",
       "0        9.26      CL  1.627842e+09  \n",
       "1        8.08      LY  1.627842e+09  \n",
       "2       14.50      UZ  1.627842e+09  \n",
       "3       10.02      IR  1.627842e+09  \n",
       "4        6.04      LY  1.627842e+09  "
      ]
     },
     "execution_count": 2,
     "metadata": {},
     "output_type": "execute_result"
    }
   ],
   "source": [
    "\n",
    "cities_df=pd.read_csv(\"../output_data/citiesApi.csv\")\n",
    "cities_df.head()"
   ]
  },
  {
   "cell_type": "markdown",
   "metadata": {},
   "source": [
    "### Humidity Heatmap\n",
    "* Configure gmaps.\n",
    "* Use the Lat and Lng as locations and Humidity as the weight.\n",
    "* Add Heatmap layer to map."
   ]
  },
  {
   "cell_type": "code",
   "execution_count": 3,
   "metadata": {},
   "outputs": [],
   "source": [
    "locations = cities_df[[\"Lat\", \"Lon\"]]\n",
    "humidity = cities_df[\"Humidity\"].astype(float)"
   ]
  },
  {
   "cell_type": "code",
   "execution_count": 4,
   "metadata": {},
   "outputs": [
    {
     "data": {
      "application/vnd.jupyter.widget-view+json": {
       "model_id": "d74d7cc3443249fc952c9fcab36857fc",
       "version_major": 2,
       "version_minor": 0
      },
      "text/plain": [
       "Figure(layout=FigureLayout(height='420px'))"
      ]
     },
     "metadata": {},
     "output_type": "display_data"
    }
   ],
   "source": [
    "fig = gmaps.figure()\n",
    "heat_layer = gmaps.heatmap_layer(locations, weights=humidity)\n",
    "\n",
    "fig.add_layer(heat_layer)\n",
    "fig"
   ]
  },
  {
   "cell_type": "markdown",
   "metadata": {},
   "source": [
    "### Create new DataFrame fitting weather criteria\n",
    "* Narrow down the cities to fit weather conditions.\n",
    "* Drop any rows will null values."
   ]
  },
  {
   "cell_type": "code",
   "execution_count": 5,
   "metadata": {},
   "outputs": [
    {
     "data": {
      "text/plain": [
       "8"
      ]
     },
     "execution_count": 5,
     "metadata": {},
     "output_type": "execute_result"
    }
   ],
   "source": [
    "newcity_df=cities_df.loc[(cities_df[\"max_temp\"] > 70 )& (cities_df[\"max_temp\"]<80) & (cities_df[\"Cloudiness\"]==0) & (cities_df[\"Wind Speed\"]<10)]\n",
    "\n",
    "#clean_city_data = weather_df.sort_values(\"Humidity\").reset_index(drop=False.head()\n",
    "len(newcity_df)\n",
    "\n"
   ]
  },
  {
   "cell_type": "code",
   "execution_count": 6,
   "metadata": {},
   "outputs": [
    {
     "data": {
      "text/html": [
       "<div>\n",
       "<style scoped>\n",
       "    .dataframe tbody tr th:only-of-type {\n",
       "        vertical-align: middle;\n",
       "    }\n",
       "\n",
       "    .dataframe tbody tr th {\n",
       "        vertical-align: top;\n",
       "    }\n",
       "\n",
       "    .dataframe thead th {\n",
       "        text-align: right;\n",
       "    }\n",
       "</style>\n",
       "<table border=\"1\" class=\"dataframe\">\n",
       "  <thead>\n",
       "    <tr style=\"text-align: right;\">\n",
       "      <th></th>\n",
       "      <th>index</th>\n",
       "      <th>city</th>\n",
       "      <th>Lat</th>\n",
       "      <th>Lon</th>\n",
       "      <th>max_temp</th>\n",
       "      <th>Humidity</th>\n",
       "      <th>Cloudiness</th>\n",
       "      <th>Wind Speed</th>\n",
       "      <th>Country</th>\n",
       "      <th>Date</th>\n",
       "    </tr>\n",
       "  </thead>\n",
       "  <tbody>\n",
       "    <tr>\n",
       "      <th>40</th>\n",
       "      <td>221</td>\n",
       "      <td>Mirassol</td>\n",
       "      <td>-20.8192</td>\n",
       "      <td>-49.5211</td>\n",
       "      <td>78.48</td>\n",
       "      <td>24.0</td>\n",
       "      <td>0.0</td>\n",
       "      <td>0.00</td>\n",
       "      <td>BR</td>\n",
       "      <td>1.627842e+09</td>\n",
       "    </tr>\n",
       "    <tr>\n",
       "      <th>69</th>\n",
       "      <td>141</td>\n",
       "      <td>San Lorenzo</td>\n",
       "      <td>-25.3333</td>\n",
       "      <td>-57.5333</td>\n",
       "      <td>72.59</td>\n",
       "      <td>35.0</td>\n",
       "      <td>0.0</td>\n",
       "      <td>7.00</td>\n",
       "      <td>PY</td>\n",
       "      <td>1.627842e+09</td>\n",
       "    </tr>\n",
       "    <tr>\n",
       "      <th>105</th>\n",
       "      <td>484</td>\n",
       "      <td>Arrondissement de Bastia</td>\n",
       "      <td>42.6667</td>\n",
       "      <td>9.3333</td>\n",
       "      <td>79.93</td>\n",
       "      <td>45.0</td>\n",
       "      <td>0.0</td>\n",
       "      <td>8.99</td>\n",
       "      <td>FR</td>\n",
       "      <td>1.627842e+09</td>\n",
       "    </tr>\n",
       "    <tr>\n",
       "      <th>109</th>\n",
       "      <td>514</td>\n",
       "      <td>Arrondissement de Reims</td>\n",
       "      <td>49.1667</td>\n",
       "      <td>4.0833</td>\n",
       "      <td>71.38</td>\n",
       "      <td>46.0</td>\n",
       "      <td>0.0</td>\n",
       "      <td>5.75</td>\n",
       "      <td>FR</td>\n",
       "      <td>1.627842e+09</td>\n",
       "    </tr>\n",
       "    <tr>\n",
       "      <th>329</th>\n",
       "      <td>167</td>\n",
       "      <td>Bafra</td>\n",
       "      <td>41.5678</td>\n",
       "      <td>35.9069</td>\n",
       "      <td>74.98</td>\n",
       "      <td>77.0</td>\n",
       "      <td>0.0</td>\n",
       "      <td>3.04</td>\n",
       "      <td>TR</td>\n",
       "      <td>1.627842e+09</td>\n",
       "    </tr>\n",
       "    <tr>\n",
       "      <th>335</th>\n",
       "      <td>318</td>\n",
       "      <td>Ambilobe</td>\n",
       "      <td>-13.2000</td>\n",
       "      <td>49.0500</td>\n",
       "      <td>70.84</td>\n",
       "      <td>78.0</td>\n",
       "      <td>0.0</td>\n",
       "      <td>4.00</td>\n",
       "      <td>MG</td>\n",
       "      <td>1.627842e+09</td>\n",
       "    </tr>\n",
       "    <tr>\n",
       "      <th>348</th>\n",
       "      <td>480</td>\n",
       "      <td>Asău</td>\n",
       "      <td>46.4333</td>\n",
       "      <td>26.4000</td>\n",
       "      <td>76.39</td>\n",
       "      <td>79.0</td>\n",
       "      <td>0.0</td>\n",
       "      <td>2.77</td>\n",
       "      <td>RO</td>\n",
       "      <td>1.627842e+09</td>\n",
       "    </tr>\n",
       "    <tr>\n",
       "      <th>493</th>\n",
       "      <td>429</td>\n",
       "      <td>Mizhou</td>\n",
       "      <td>35.9947</td>\n",
       "      <td>119.3975</td>\n",
       "      <td>71.73</td>\n",
       "      <td>92.0</td>\n",
       "      <td>0.0</td>\n",
       "      <td>2.71</td>\n",
       "      <td>CN</td>\n",
       "      <td>1.627842e+09</td>\n",
       "    </tr>\n",
       "  </tbody>\n",
       "</table>\n",
       "</div>"
      ],
      "text/plain": [
       "     index                      city      Lat       Lon  max_temp  Humidity  \\\n",
       "40     221                  Mirassol -20.8192  -49.5211     78.48      24.0   \n",
       "69     141               San Lorenzo -25.3333  -57.5333     72.59      35.0   \n",
       "105    484  Arrondissement de Bastia  42.6667    9.3333     79.93      45.0   \n",
       "109    514   Arrondissement de Reims  49.1667    4.0833     71.38      46.0   \n",
       "329    167                     Bafra  41.5678   35.9069     74.98      77.0   \n",
       "335    318                  Ambilobe -13.2000   49.0500     70.84      78.0   \n",
       "348    480                      Asău  46.4333   26.4000     76.39      79.0   \n",
       "493    429                    Mizhou  35.9947  119.3975     71.73      92.0   \n",
       "\n",
       "     Cloudiness  Wind Speed Country          Date  \n",
       "40          0.0        0.00      BR  1.627842e+09  \n",
       "69          0.0        7.00      PY  1.627842e+09  \n",
       "105         0.0        8.99      FR  1.627842e+09  \n",
       "109         0.0        5.75      FR  1.627842e+09  \n",
       "329         0.0        3.04      TR  1.627842e+09  \n",
       "335         0.0        4.00      MG  1.627842e+09  \n",
       "348         0.0        2.77      RO  1.627842e+09  \n",
       "493         0.0        2.71      CN  1.627842e+09  "
      ]
     },
     "execution_count": 6,
     "metadata": {},
     "output_type": "execute_result"
    }
   ],
   "source": [
    "newcity_df.dropna()\n",
    "newcity_df"
   ]
  },
  {
   "cell_type": "markdown",
   "metadata": {},
   "source": [
    "### Hotel Map\n",
    "* Store into variable named `hotel_df`.\n",
    "* Add a \"Hotel Name\" column to the DataFrame.\n",
    "* Set parameters to search for hotels with 5000 meters.\n",
    "* Hit the Google Places API for each city's coordinates.\n",
    "* Store the first Hotel result into the DataFrame.\n",
    "* Plot markers on top of the heatmap."
   ]
  },
  {
   "cell_type": "code",
   "execution_count": 7,
   "metadata": {},
   "outputs": [
    {
     "data": {
      "text/html": [
       "<div>\n",
       "<style scoped>\n",
       "    .dataframe tbody tr th:only-of-type {\n",
       "        vertical-align: middle;\n",
       "    }\n",
       "\n",
       "    .dataframe tbody tr th {\n",
       "        vertical-align: top;\n",
       "    }\n",
       "\n",
       "    .dataframe thead th {\n",
       "        text-align: right;\n",
       "    }\n",
       "</style>\n",
       "<table border=\"1\" class=\"dataframe\">\n",
       "  <thead>\n",
       "    <tr style=\"text-align: right;\">\n",
       "      <th></th>\n",
       "      <th>index</th>\n",
       "      <th>city</th>\n",
       "      <th>Lat</th>\n",
       "      <th>Lon</th>\n",
       "      <th>max_temp</th>\n",
       "      <th>Humidity</th>\n",
       "      <th>Cloudiness</th>\n",
       "      <th>Wind Speed</th>\n",
       "      <th>Country</th>\n",
       "      <th>Date</th>\n",
       "    </tr>\n",
       "  </thead>\n",
       "  <tbody>\n",
       "    <tr>\n",
       "      <th>335</th>\n",
       "      <td>318</td>\n",
       "      <td>Ambilobe</td>\n",
       "      <td>-13.2000</td>\n",
       "      <td>49.0500</td>\n",
       "      <td>70.84</td>\n",
       "      <td>78.0</td>\n",
       "      <td>0.0</td>\n",
       "      <td>4.00</td>\n",
       "      <td>MG</td>\n",
       "      <td>1.627842e+09</td>\n",
       "    </tr>\n",
       "    <tr>\n",
       "      <th>109</th>\n",
       "      <td>514</td>\n",
       "      <td>Arrondissement de Reims</td>\n",
       "      <td>49.1667</td>\n",
       "      <td>4.0833</td>\n",
       "      <td>71.38</td>\n",
       "      <td>46.0</td>\n",
       "      <td>0.0</td>\n",
       "      <td>5.75</td>\n",
       "      <td>FR</td>\n",
       "      <td>1.627842e+09</td>\n",
       "    </tr>\n",
       "    <tr>\n",
       "      <th>40</th>\n",
       "      <td>221</td>\n",
       "      <td>Mirassol</td>\n",
       "      <td>-20.8192</td>\n",
       "      <td>-49.5211</td>\n",
       "      <td>78.48</td>\n",
       "      <td>24.0</td>\n",
       "      <td>0.0</td>\n",
       "      <td>0.00</td>\n",
       "      <td>BR</td>\n",
       "      <td>1.627842e+09</td>\n",
       "    </tr>\n",
       "    <tr>\n",
       "      <th>493</th>\n",
       "      <td>429</td>\n",
       "      <td>Mizhou</td>\n",
       "      <td>35.9947</td>\n",
       "      <td>119.3975</td>\n",
       "      <td>71.73</td>\n",
       "      <td>92.0</td>\n",
       "      <td>0.0</td>\n",
       "      <td>2.71</td>\n",
       "      <td>CN</td>\n",
       "      <td>1.627842e+09</td>\n",
       "    </tr>\n",
       "    <tr>\n",
       "      <th>105</th>\n",
       "      <td>484</td>\n",
       "      <td>Arrondissement de Bastia</td>\n",
       "      <td>42.6667</td>\n",
       "      <td>9.3333</td>\n",
       "      <td>79.93</td>\n",
       "      <td>45.0</td>\n",
       "      <td>0.0</td>\n",
       "      <td>8.99</td>\n",
       "      <td>FR</td>\n",
       "      <td>1.627842e+09</td>\n",
       "    </tr>\n",
       "    <tr>\n",
       "      <th>329</th>\n",
       "      <td>167</td>\n",
       "      <td>Bafra</td>\n",
       "      <td>41.5678</td>\n",
       "      <td>35.9069</td>\n",
       "      <td>74.98</td>\n",
       "      <td>77.0</td>\n",
       "      <td>0.0</td>\n",
       "      <td>3.04</td>\n",
       "      <td>TR</td>\n",
       "      <td>1.627842e+09</td>\n",
       "    </tr>\n",
       "    <tr>\n",
       "      <th>69</th>\n",
       "      <td>141</td>\n",
       "      <td>San Lorenzo</td>\n",
       "      <td>-25.3333</td>\n",
       "      <td>-57.5333</td>\n",
       "      <td>72.59</td>\n",
       "      <td>35.0</td>\n",
       "      <td>0.0</td>\n",
       "      <td>7.00</td>\n",
       "      <td>PY</td>\n",
       "      <td>1.627842e+09</td>\n",
       "    </tr>\n",
       "    <tr>\n",
       "      <th>348</th>\n",
       "      <td>480</td>\n",
       "      <td>Asău</td>\n",
       "      <td>46.4333</td>\n",
       "      <td>26.4000</td>\n",
       "      <td>76.39</td>\n",
       "      <td>79.0</td>\n",
       "      <td>0.0</td>\n",
       "      <td>2.77</td>\n",
       "      <td>RO</td>\n",
       "      <td>1.627842e+09</td>\n",
       "    </tr>\n",
       "  </tbody>\n",
       "</table>\n",
       "</div>"
      ],
      "text/plain": [
       "     index                      city      Lat       Lon  max_temp  Humidity  \\\n",
       "335    318                  Ambilobe -13.2000   49.0500     70.84      78.0   \n",
       "109    514   Arrondissement de Reims  49.1667    4.0833     71.38      46.0   \n",
       "40     221                  Mirassol -20.8192  -49.5211     78.48      24.0   \n",
       "493    429                    Mizhou  35.9947  119.3975     71.73      92.0   \n",
       "105    484  Arrondissement de Bastia  42.6667    9.3333     79.93      45.0   \n",
       "329    167                     Bafra  41.5678   35.9069     74.98      77.0   \n",
       "69     141               San Lorenzo -25.3333  -57.5333     72.59      35.0   \n",
       "348    480                      Asău  46.4333   26.4000     76.39      79.0   \n",
       "\n",
       "     Cloudiness  Wind Speed Country          Date  \n",
       "335         0.0        4.00      MG  1.627842e+09  \n",
       "109         0.0        5.75      FR  1.627842e+09  \n",
       "40          0.0        0.00      BR  1.627842e+09  \n",
       "493         0.0        2.71      CN  1.627842e+09  \n",
       "105         0.0        8.99      FR  1.627842e+09  \n",
       "329         0.0        3.04      TR  1.627842e+09  \n",
       "69          0.0        7.00      PY  1.627842e+09  \n",
       "348         0.0        2.77      RO  1.627842e+09  "
      ]
     },
     "execution_count": 7,
     "metadata": {},
     "output_type": "execute_result"
    }
   ],
   "source": [
    "hotel_df=newcity_df\n",
    "hotel_df=hotel_df.sample(n=8)\n",
    "hotel_df\n"
   ]
  },
  {
   "cell_type": "code",
   "execution_count": 8,
   "metadata": {},
   "outputs": [
    {
     "data": {
      "text/html": [
       "<div>\n",
       "<style scoped>\n",
       "    .dataframe tbody tr th:only-of-type {\n",
       "        vertical-align: middle;\n",
       "    }\n",
       "\n",
       "    .dataframe tbody tr th {\n",
       "        vertical-align: top;\n",
       "    }\n",
       "\n",
       "    .dataframe thead th {\n",
       "        text-align: right;\n",
       "    }\n",
       "</style>\n",
       "<table border=\"1\" class=\"dataframe\">\n",
       "  <thead>\n",
       "    <tr style=\"text-align: right;\">\n",
       "      <th></th>\n",
       "      <th>index</th>\n",
       "      <th>city</th>\n",
       "      <th>Lat</th>\n",
       "      <th>Lon</th>\n",
       "      <th>max_temp</th>\n",
       "      <th>Humidity</th>\n",
       "      <th>Cloudiness</th>\n",
       "      <th>Wind Speed</th>\n",
       "      <th>Country</th>\n",
       "      <th>Date</th>\n",
       "      <th>Hotel Name</th>\n",
       "    </tr>\n",
       "  </thead>\n",
       "  <tbody>\n",
       "    <tr>\n",
       "      <th>335</th>\n",
       "      <td>318</td>\n",
       "      <td>Ambilobe</td>\n",
       "      <td>-13.2000</td>\n",
       "      <td>49.0500</td>\n",
       "      <td>70.84</td>\n",
       "      <td>78.0</td>\n",
       "      <td>0.0</td>\n",
       "      <td>4.00</td>\n",
       "      <td>MG</td>\n",
       "      <td>1.627842e+09</td>\n",
       "      <td></td>\n",
       "    </tr>\n",
       "    <tr>\n",
       "      <th>109</th>\n",
       "      <td>514</td>\n",
       "      <td>Arrondissement de Reims</td>\n",
       "      <td>49.1667</td>\n",
       "      <td>4.0833</td>\n",
       "      <td>71.38</td>\n",
       "      <td>46.0</td>\n",
       "      <td>0.0</td>\n",
       "      <td>5.75</td>\n",
       "      <td>FR</td>\n",
       "      <td>1.627842e+09</td>\n",
       "      <td></td>\n",
       "    </tr>\n",
       "    <tr>\n",
       "      <th>40</th>\n",
       "      <td>221</td>\n",
       "      <td>Mirassol</td>\n",
       "      <td>-20.8192</td>\n",
       "      <td>-49.5211</td>\n",
       "      <td>78.48</td>\n",
       "      <td>24.0</td>\n",
       "      <td>0.0</td>\n",
       "      <td>0.00</td>\n",
       "      <td>BR</td>\n",
       "      <td>1.627842e+09</td>\n",
       "      <td></td>\n",
       "    </tr>\n",
       "    <tr>\n",
       "      <th>493</th>\n",
       "      <td>429</td>\n",
       "      <td>Mizhou</td>\n",
       "      <td>35.9947</td>\n",
       "      <td>119.3975</td>\n",
       "      <td>71.73</td>\n",
       "      <td>92.0</td>\n",
       "      <td>0.0</td>\n",
       "      <td>2.71</td>\n",
       "      <td>CN</td>\n",
       "      <td>1.627842e+09</td>\n",
       "      <td></td>\n",
       "    </tr>\n",
       "    <tr>\n",
       "      <th>105</th>\n",
       "      <td>484</td>\n",
       "      <td>Arrondissement de Bastia</td>\n",
       "      <td>42.6667</td>\n",
       "      <td>9.3333</td>\n",
       "      <td>79.93</td>\n",
       "      <td>45.0</td>\n",
       "      <td>0.0</td>\n",
       "      <td>8.99</td>\n",
       "      <td>FR</td>\n",
       "      <td>1.627842e+09</td>\n",
       "      <td></td>\n",
       "    </tr>\n",
       "    <tr>\n",
       "      <th>329</th>\n",
       "      <td>167</td>\n",
       "      <td>Bafra</td>\n",
       "      <td>41.5678</td>\n",
       "      <td>35.9069</td>\n",
       "      <td>74.98</td>\n",
       "      <td>77.0</td>\n",
       "      <td>0.0</td>\n",
       "      <td>3.04</td>\n",
       "      <td>TR</td>\n",
       "      <td>1.627842e+09</td>\n",
       "      <td></td>\n",
       "    </tr>\n",
       "    <tr>\n",
       "      <th>69</th>\n",
       "      <td>141</td>\n",
       "      <td>San Lorenzo</td>\n",
       "      <td>-25.3333</td>\n",
       "      <td>-57.5333</td>\n",
       "      <td>72.59</td>\n",
       "      <td>35.0</td>\n",
       "      <td>0.0</td>\n",
       "      <td>7.00</td>\n",
       "      <td>PY</td>\n",
       "      <td>1.627842e+09</td>\n",
       "      <td></td>\n",
       "    </tr>\n",
       "    <tr>\n",
       "      <th>348</th>\n",
       "      <td>480</td>\n",
       "      <td>Asău</td>\n",
       "      <td>46.4333</td>\n",
       "      <td>26.4000</td>\n",
       "      <td>76.39</td>\n",
       "      <td>79.0</td>\n",
       "      <td>0.0</td>\n",
       "      <td>2.77</td>\n",
       "      <td>RO</td>\n",
       "      <td>1.627842e+09</td>\n",
       "      <td></td>\n",
       "    </tr>\n",
       "  </tbody>\n",
       "</table>\n",
       "</div>"
      ],
      "text/plain": [
       "     index                      city      Lat       Lon  max_temp  Humidity  \\\n",
       "335    318                  Ambilobe -13.2000   49.0500     70.84      78.0   \n",
       "109    514   Arrondissement de Reims  49.1667    4.0833     71.38      46.0   \n",
       "40     221                  Mirassol -20.8192  -49.5211     78.48      24.0   \n",
       "493    429                    Mizhou  35.9947  119.3975     71.73      92.0   \n",
       "105    484  Arrondissement de Bastia  42.6667    9.3333     79.93      45.0   \n",
       "329    167                     Bafra  41.5678   35.9069     74.98      77.0   \n",
       "69     141               San Lorenzo -25.3333  -57.5333     72.59      35.0   \n",
       "348    480                      Asău  46.4333   26.4000     76.39      79.0   \n",
       "\n",
       "     Cloudiness  Wind Speed Country          Date Hotel Name  \n",
       "335         0.0        4.00      MG  1.627842e+09             \n",
       "109         0.0        5.75      FR  1.627842e+09             \n",
       "40          0.0        0.00      BR  1.627842e+09             \n",
       "493         0.0        2.71      CN  1.627842e+09             \n",
       "105         0.0        8.99      FR  1.627842e+09             \n",
       "329         0.0        3.04      TR  1.627842e+09             \n",
       "69          0.0        7.00      PY  1.627842e+09             \n",
       "348         0.0        2.77      RO  1.627842e+09             "
      ]
     },
     "execution_count": 8,
     "metadata": {},
     "output_type": "execute_result"
    }
   ],
   "source": [
    "hotel_df[\"Hotel Name\"]=\" \"\n",
    "hotel_df"
   ]
  },
  {
   "cell_type": "code",
   "execution_count": 9,
   "metadata": {},
   "outputs": [
    {
     "name": "stdout",
     "output_type": "stream",
     "text": [
      "-13.2 49.05\n",
      "49.1667 4.0833\n",
      "-20.8192 -49.5211\n",
      "35.9947 119.3975\n",
      "42.6667 9.3333\n",
      "41.5678 35.9069\n",
      "-25.3333 -57.5333\n",
      "46.4333 26.4\n"
     ]
    }
   ],
   "source": [
    "params = {\n",
    "    \"radius\": 5000,\n",
    "    \"types\": \"lodging\",\n",
    "\n",
    "    \"key\": g_key\n",
    "}\n",
    "for index, row in hotel_df.iterrows():\n",
    "    # get lat, lng from df\n",
    "    lat = row[\"Lat\"]\n",
    "    lng = row[\"Lon\"]\n",
    "    print(lat,lng)\n",
    "    params[\"location\"] = f\"{lat},{lng}\"\n",
    "    base_url = \"https://maps.googleapis.com/maps/api/place/nearbysearch/json\"\n",
    " \n",
    "    response = requests.get(base_url, params=params)\n",
    "    name_address = response.json()\n",
    "    try:\n",
    "        hotel_df.loc[index, \"Hotel Name\"] = name_address[\"results\"][0][\"name\"]\n",
    "       # hotel_df.loc[index, \"Hotel Address\"] = name_address[\"results\"][0][\"vicinity\"]\n",
    "       # hotel_df.loc[index, \"Hotel Rating\"] = name_address[\"results\"][0][\"rating\"]\n",
    "    except (KeyError, IndexError):\n",
    "        print(\"Missing field/result... skipping.\")"
   ]
  },
  {
   "cell_type": "code",
   "execution_count": 10,
   "metadata": {},
   "outputs": [
    {
     "data": {
      "text/html": [
       "<div>\n",
       "<style scoped>\n",
       "    .dataframe tbody tr th:only-of-type {\n",
       "        vertical-align: middle;\n",
       "    }\n",
       "\n",
       "    .dataframe tbody tr th {\n",
       "        vertical-align: top;\n",
       "    }\n",
       "\n",
       "    .dataframe thead th {\n",
       "        text-align: right;\n",
       "    }\n",
       "</style>\n",
       "<table border=\"1\" class=\"dataframe\">\n",
       "  <thead>\n",
       "    <tr style=\"text-align: right;\">\n",
       "      <th></th>\n",
       "      <th>index</th>\n",
       "      <th>city</th>\n",
       "      <th>Lat</th>\n",
       "      <th>Lon</th>\n",
       "      <th>max_temp</th>\n",
       "      <th>Humidity</th>\n",
       "      <th>Cloudiness</th>\n",
       "      <th>Wind Speed</th>\n",
       "      <th>Country</th>\n",
       "      <th>Date</th>\n",
       "      <th>Hotel Name</th>\n",
       "    </tr>\n",
       "  </thead>\n",
       "  <tbody>\n",
       "    <tr>\n",
       "      <th>335</th>\n",
       "      <td>318</td>\n",
       "      <td>Ambilobe</td>\n",
       "      <td>-13.2000</td>\n",
       "      <td>49.0500</td>\n",
       "      <td>70.84</td>\n",
       "      <td>78.0</td>\n",
       "      <td>0.0</td>\n",
       "      <td>4.00</td>\n",
       "      <td>MG</td>\n",
       "      <td>1.627842e+09</td>\n",
       "      <td>Hôtel &amp; Restaurant DIANA Ambilobe</td>\n",
       "    </tr>\n",
       "    <tr>\n",
       "      <th>109</th>\n",
       "      <td>514</td>\n",
       "      <td>Arrondissement de Reims</td>\n",
       "      <td>49.1667</td>\n",
       "      <td>4.0833</td>\n",
       "      <td>71.38</td>\n",
       "      <td>46.0</td>\n",
       "      <td>0.0</td>\n",
       "      <td>5.75</td>\n",
       "      <td>FR</td>\n",
       "      <td>1.627842e+09</td>\n",
       "      <td>Château de Rilly</td>\n",
       "    </tr>\n",
       "    <tr>\n",
       "      <th>40</th>\n",
       "      <td>221</td>\n",
       "      <td>Mirassol</td>\n",
       "      <td>-20.8192</td>\n",
       "      <td>-49.5211</td>\n",
       "      <td>78.48</td>\n",
       "      <td>24.0</td>\n",
       "      <td>0.0</td>\n",
       "      <td>0.00</td>\n",
       "      <td>BR</td>\n",
       "      <td>1.627842e+09</td>\n",
       "      <td>Condomínio Parque da Nascente</td>\n",
       "    </tr>\n",
       "    <tr>\n",
       "      <th>493</th>\n",
       "      <td>429</td>\n",
       "      <td>Mizhou</td>\n",
       "      <td>35.9947</td>\n",
       "      <td>119.3975</td>\n",
       "      <td>71.73</td>\n",
       "      <td>92.0</td>\n",
       "      <td>0.0</td>\n",
       "      <td>2.71</td>\n",
       "      <td>CN</td>\n",
       "      <td>1.627842e+09</td>\n",
       "      <td>Fanrong Hotel</td>\n",
       "    </tr>\n",
       "    <tr>\n",
       "      <th>105</th>\n",
       "      <td>484</td>\n",
       "      <td>Arrondissement de Bastia</td>\n",
       "      <td>42.6667</td>\n",
       "      <td>9.3333</td>\n",
       "      <td>79.93</td>\n",
       "      <td>45.0</td>\n",
       "      <td>0.0</td>\n",
       "      <td>8.99</td>\n",
       "      <td>FR</td>\n",
       "      <td>1.627842e+09</td>\n",
       "      <td>Hotel Santa Maria</td>\n",
       "    </tr>\n",
       "    <tr>\n",
       "      <th>329</th>\n",
       "      <td>167</td>\n",
       "      <td>Bafra</td>\n",
       "      <td>41.5678</td>\n",
       "      <td>35.9069</td>\n",
       "      <td>74.98</td>\n",
       "      <td>77.0</td>\n",
       "      <td>0.0</td>\n",
       "      <td>3.04</td>\n",
       "      <td>TR</td>\n",
       "      <td>1.627842e+09</td>\n",
       "      <td>Sevgi Otel</td>\n",
       "    </tr>\n",
       "    <tr>\n",
       "      <th>69</th>\n",
       "      <td>141</td>\n",
       "      <td>San Lorenzo</td>\n",
       "      <td>-25.3333</td>\n",
       "      <td>-57.5333</td>\n",
       "      <td>72.59</td>\n",
       "      <td>35.0</td>\n",
       "      <td>0.0</td>\n",
       "      <td>7.00</td>\n",
       "      <td>PY</td>\n",
       "      <td>1.627842e+09</td>\n",
       "      <td>Hotel del Sur</td>\n",
       "    </tr>\n",
       "    <tr>\n",
       "      <th>348</th>\n",
       "      <td>480</td>\n",
       "      <td>Asău</td>\n",
       "      <td>46.4333</td>\n",
       "      <td>26.4000</td>\n",
       "      <td>76.39</td>\n",
       "      <td>79.0</td>\n",
       "      <td>0.0</td>\n",
       "      <td>2.77</td>\n",
       "      <td>RO</td>\n",
       "      <td>1.627842e+09</td>\n",
       "      <td>Casa Mika Ciobanus</td>\n",
       "    </tr>\n",
       "  </tbody>\n",
       "</table>\n",
       "</div>"
      ],
      "text/plain": [
       "     index                      city      Lat       Lon  max_temp  Humidity  \\\n",
       "335    318                  Ambilobe -13.2000   49.0500     70.84      78.0   \n",
       "109    514   Arrondissement de Reims  49.1667    4.0833     71.38      46.0   \n",
       "40     221                  Mirassol -20.8192  -49.5211     78.48      24.0   \n",
       "493    429                    Mizhou  35.9947  119.3975     71.73      92.0   \n",
       "105    484  Arrondissement de Bastia  42.6667    9.3333     79.93      45.0   \n",
       "329    167                     Bafra  41.5678   35.9069     74.98      77.0   \n",
       "69     141               San Lorenzo -25.3333  -57.5333     72.59      35.0   \n",
       "348    480                      Asău  46.4333   26.4000     76.39      79.0   \n",
       "\n",
       "     Cloudiness  Wind Speed Country          Date  \\\n",
       "335         0.0        4.00      MG  1.627842e+09   \n",
       "109         0.0        5.75      FR  1.627842e+09   \n",
       "40          0.0        0.00      BR  1.627842e+09   \n",
       "493         0.0        2.71      CN  1.627842e+09   \n",
       "105         0.0        8.99      FR  1.627842e+09   \n",
       "329         0.0        3.04      TR  1.627842e+09   \n",
       "69          0.0        7.00      PY  1.627842e+09   \n",
       "348         0.0        2.77      RO  1.627842e+09   \n",
       "\n",
       "                            Hotel Name  \n",
       "335  Hôtel & Restaurant DIANA Ambilobe  \n",
       "109                   Château de Rilly  \n",
       "40       Condomínio Parque da Nascente  \n",
       "493                      Fanrong Hotel  \n",
       "105                  Hotel Santa Maria  \n",
       "329                         Sevgi Otel  \n",
       "69                       Hotel del Sur  \n",
       "348                 Casa Mika Ciobanus  "
      ]
     },
     "execution_count": 10,
     "metadata": {},
     "output_type": "execute_result"
    }
   ],
   "source": [
    "hotel_df"
   ]
  },
  {
   "cell_type": "code",
   "execution_count": 31,
   "metadata": {},
   "outputs": [],
   "source": [
    "# NOTE: Do not change any of the code in this cell\n",
    "\n",
    "# Using the template add the hotel marks to the heatmap\n",
    "info_box_template = \"\"\"\n",
    "<dl>\n",
    "<dt>Name</dt><dd>{Hotel Name}</dd>\n",
    "<dt>city</dt><dd>{city}</dd>\n",
    "<dt>Country</dt><dd>{Country}</dd>\n",
    "</dl>\n",
    "\"\"\"\n",
    "# Store the DataFrame Row\n",
    "# NOTE: be sure to update with your DataFrame name\n",
    "hotel_info = [info_box_template.format(**row) for index, row in hotel_df.iterrows()]\n",
    "locations = hotel_df[[\"Lat\", \"Lon\"]]"
   ]
  },
  {
   "cell_type": "code",
   "execution_count": null,
   "metadata": {},
   "outputs": [],
   "source": [
    "# Add marker layer ontop of heat map\n",
    "\n",
    "\n",
    "# Display figure\n"
   ]
  },
  {
   "cell_type": "code",
   "execution_count": 38,
   "metadata": {},
   "outputs": [
    {
     "data": {
      "application/vnd.jupyter.widget-view+json": {
       "model_id": "d74d7cc3443249fc952c9fcab36857fc",
       "version_major": 2,
       "version_minor": 0
      },
      "text/plain": [
       "Figure(layout=FigureLayout(height='420px'))"
      ]
     },
     "metadata": {},
     "output_type": "display_data"
    }
   ],
   "source": [
    "markers = gmaps.marker_layer(locations,hotel_info)\n",
    "\n",
    "fig.add_layer(markers)\n",
    "fig"
   ]
  },
  {
   "cell_type": "code",
   "execution_count": null,
   "metadata": {},
   "outputs": [],
   "source": []
  }
 ],
 "metadata": {
  "kernelspec": {
   "display_name": "Python 3",
   "language": "python",
   "name": "python3"
  },
  "language_info": {
   "codemirror_mode": {
    "name": "ipython",
    "version": 3
   },
   "file_extension": ".py",
   "mimetype": "text/x-python",
   "name": "python",
   "nbconvert_exporter": "python",
   "pygments_lexer": "ipython3",
   "version": "3.8.8"
  },
  "latex_envs": {
   "LaTeX_envs_menu_present": true,
   "autoclose": false,
   "autocomplete": true,
   "bibliofile": "biblio.bib",
   "cite_by": "apalike",
   "current_citInitial": 1,
   "eqLabelWithNumbers": true,
   "eqNumInitial": 1,
   "hotkeys": {
    "equation": "Ctrl-E",
    "itemize": "Ctrl-I"
   },
   "labels_anchors": false,
   "latex_user_defs": false,
   "report_style_numbering": false,
   "user_envs_cfg": false
  }
 },
 "nbformat": 4,
 "nbformat_minor": 4
}
